 
TOMS565_PRB1:
  Test the TOMS565 library.
 
  Example 1, Elliptic PDE
 

 STEADY STATE SOLUTION 

    0.0000E+00 0.0000E+00 0.0000E+00 0.0000E+00 0.0000E+00 0.0000E+00 0.0000E+00 0.0000E+00 0.0000E+00 0.0000E+00
    0.0000E+00 0.3655E-01 0.7147E-01 0.1027E+00 0.1275E+00 0.1425E+00 0.1433E+00 0.1246E+00 0.7955E-01 0.0000E+00
    0.0000E+00 0.7147E-01 0.1398E+00 0.2008E+00 0.2494E+00 0.2787E+00 0.2803E+00 0.2436E+00 0.1556E+00 0.0000E+00
    0.0000E+00 0.1027E+00 0.2008E+00 0.2886E+00 0.3583E+00 0.4004E+00 0.4027E+00 0.3500E+00 0.2235E+00 0.0000E+00
    0.0000E+00 0.1275E+00 0.2494E+00 0.3583E+00 0.4449E+00 0.4972E+00 0.5000E+00 0.4346E+00 0.2775E+00 0.0000E+00
    0.0000E+00 0.1425E+00 0.2787E+00 0.4004E+00 0.4972E+00 0.5556E+00 0.5588E+00 0.4857E+00 0.3102E+00 0.0000E+00
    0.0000E+00 0.1433E+00 0.2803E+00 0.4027E+00 0.5000E+00 0.5588E+00 0.5620E+00 0.4885E+00 0.3119E+00 0.0000E+00
    0.0000E+00 0.1246E+00 0.2436E+00 0.3500E+00 0.4346E+00 0.4857E+00 0.4885E+00 0.4246E+00 0.2711E+00 0.0000E+00
    0.0000E+00 0.7955E-01 0.1556E+00 0.2235E+00 0.2775E+00 0.3102E+00 0.3119E+00 0.2711E+00 0.1731E+00 0.0000E+00
    0.0000E+00 0.0000E+00 0.0000E+00 0.0000E+00 0.0000E+00 0.0000E+00 0.0000E+00 0.0000E+00 0.0000E+00 0.0000E+00


 NODE 100 T0      0.00 H  0.1E-06 EPS  0.1E-06 MF 22

 INITIAL VALUES 

      0.00E+00   0.00E+00   0.00E+00   0.00E+00   0.00E+00   0.00E+00   0.00E+00   0.00E+00   0.00E+00   0.00E+00
      0.00E+00   0.00E+00   0.00E+00   0.00E+00   0.00E+00   0.00E+00   0.00E+00   0.00E+00   0.00E+00   0.00E+00
      0.00E+00   0.00E+00   0.00E+00   0.00E+00   0.00E+00   0.00E+00   0.00E+00   0.00E+00   0.00E+00   0.00E+00
      0.00E+00   0.00E+00   0.00E+00   0.00E+00   0.00E+00   0.00E+00   0.00E+00   0.00E+00   0.00E+00   0.00E+00
      0.00E+00   0.00E+00   0.00E+00   0.00E+00   0.00E+00   0.00E+00   0.00E+00   0.00E+00   0.00E+00   0.00E+00
      0.00E+00   0.00E+00   0.00E+00   0.00E+00   0.00E+00   0.00E+00   0.00E+00   0.00E+00   0.00E+00   0.00E+00
      0.00E+00   0.00E+00   0.00E+00   0.00E+00   0.00E+00   0.00E+00   0.00E+00   0.00E+00   0.00E+00   0.00E+00
      0.00E+00   0.00E+00   0.00E+00   0.00E+00   0.00E+00   0.00E+00   0.00E+00   0.00E+00   0.00E+00   0.00E+00
      0.00E+00   0.00E+00   0.00E+00   0.00E+00   0.00E+00   0.00E+00   0.00E+00   0.00E+00   0.00E+00   0.00E+00
      0.00E+00   0.00E+00   0.00E+00   0.00E+00   0.00E+00   0.00E+00   0.00E+00   0.00E+00   0.00E+00   0.00E+00


 TOUT   0.100000E-02

 HUSED 0.2779E-03 ORDER   3 NSTEP     12 NFE    41 NJE     4

 U VALUES

    0.0000E+00 0.0000E+00 0.0000E+00 0.0000E+00 0.0000E+00 0.0000E+00 0.0000E+00 0.0000E+00 0.0000E+00 0.0000E+00
    0.0000E+00 0.2586E-03 0.5503E-03 0.8779E-03 0.1243E-02 0.1644E-02 0.2083E-02 0.2553E-02 0.2924E-02 0.0000E+00
    0.0000E+00 0.5503E-03 0.1163E-02 0.1842E-02 0.2585E-02 0.3389E-02 0.4247E-02 0.5143E-02 0.5813E-02 0.0000E+00
    0.0000E+00 0.8779E-03 0.1842E-02 0.2892E-02 0.4018E-02 0.5208E-02 0.6442E-02 0.7683E-02 0.8536E-02 0.0000E+00
    0.0000E+00 0.1243E-02 0.2585E-02 0.4018E-02 0.5520E-02 0.7059E-02 0.8592E-02 0.1005E-01 0.1092E-01 0.0000E+00
    0.0000E+00 0.1644E-02 0.3389E-02 0.5208E-02 0.7059E-02 0.8881E-02 0.1060E-01 0.1209E-01 0.1274E-01 0.0000E+00
    0.0000E+00 0.2083E-02 0.4247E-02 0.6442E-02 0.8592E-02 0.1060E-01 0.1233E-01 0.1361E-01 0.1372E-01 0.0000E+00
    0.0000E+00 0.2553E-02 0.5143E-02 0.7683E-02 0.1005E-01 0.1209E-01 0.1361E-01 0.1432E-01 0.1350E-01 0.0000E+00
    0.0000E+00 0.2924E-02 0.5813E-02 0.8536E-02 0.1092E-01 0.1274E-01 0.1372E-01 0.1350E-01 0.1135E-01 0.0000E+00
    0.0000E+00 0.0000E+00 0.0000E+00 0.0000E+00 0.0000E+00 0.0000E+00 0.0000E+00 0.0000E+00 0.0000E+00 0.0000E+00

 MAXIMUM DIFFERENCE FROM THE STEADY STATE SOLUTION 

   -0.5497E+00


 TOUT   0.100000E-01

 HUSED 0.8269E-03 ORDER   4 NSTEP     30 NFE    83 NJE     6

 U VALUES

    0.0000E+00 0.0000E+00 0.0000E+00 0.0000E+00 0.0000E+00 0.0000E+00 0.0000E+00 0.0000E+00 0.0000E+00 0.0000E+00
    0.0000E+00 0.2780E-02 0.5806E-02 0.9150E-02 0.1282E-01 0.1678E-01 0.2079E-01 0.2376E-01 0.2124E-01 0.0000E+00
    0.0000E+00 0.5806E-02 0.1207E-01 0.1892E-01 0.2633E-01 0.3419E-01 0.4200E-01 0.4758E-01 0.4218E-01 0.0000E+00
    0.0000E+00 0.9150E-02 0.1892E-01 0.2942E-01 0.4057E-01 0.5213E-01 0.6328E-01 0.7077E-01 0.6200E-01 0.0000E+00
    0.0000E+00 0.1282E-01 0.2633E-01 0.4057E-01 0.5533E-01 0.7015E-01 0.8387E-01 0.9223E-01 0.7950E-01 0.0000E+00
    0.0000E+00 0.1678E-01 0.3419E-01 0.5213E-01 0.7015E-01 0.8752E-01 0.1026E+00 0.1104E+00 0.9307E-01 0.0000E+00
    0.0000E+00 0.2079E-01 0.4200E-01 0.6328E-01 0.8387E-01 0.1026E+00 0.1174E+00 0.1227E+00 0.1004E+00 0.0000E+00
    0.0000E+00 0.2376E-01 0.4758E-01 0.7077E-01 0.9223E-01 0.1104E+00 0.1227E+00 0.1236E+00 0.9705E-01 0.0000E+00
    0.0000E+00 0.2124E-01 0.4218E-01 0.6200E-01 0.7950E-01 0.9307E-01 0.1004E+00 0.9705E-01 0.7244E-01 0.0000E+00
    0.0000E+00 0.0000E+00 0.0000E+00 0.0000E+00 0.0000E+00 0.0000E+00 0.0000E+00 0.0000E+00 0.0000E+00 0.0000E+00

 MAXIMUM DIFFERENCE FROM THE STEADY STATE SOLUTION 

   -0.4681E+00


 TOUT   0.100000E+00

 HUSED 0.4429E-02 ORDER   5 NSTEP     74 NFE   149 NJE     9

 U VALUES

    0.0000E+00 0.0000E+00 0.0000E+00 0.0000E+00 0.0000E+00 0.0000E+00 0.0000E+00 0.0000E+00 0.0000E+00 0.0000E+00
    0.0000E+00 0.2736E-01 0.5415E-01 0.7920E-01 0.1006E+00 0.1153E+00 0.1191E+00 0.1064E+00 0.6979E-01 0.0000E+00
    0.0000E+00 0.5415E-01 0.1071E+00 0.1565E+00 0.1985E+00 0.2273E+00 0.2347E+00 0.2094E+00 0.1372E+00 0.0000E+00
    0.0000E+00 0.7920E-01 0.1565E+00 0.2285E+00 0.2894E+00 0.3308E+00 0.3408E+00 0.3036E+00 0.1986E+00 0.0000E+00
    0.0000E+00 0.1006E+00 0.1985E+00 0.2894E+00 0.3658E+00 0.4173E+00 0.4290E+00 0.3813E+00 0.2489E+00 0.0000E+00
    0.0000E+00 0.1153E+00 0.2273E+00 0.3308E+00 0.4173E+00 0.4749E+00 0.4870E+00 0.4318E+00 0.2812E+00 0.0000E+00
    0.0000E+00 0.1191E+00 0.2347E+00 0.3408E+00 0.4290E+00 0.4870E+00 0.4982E+00 0.4405E+00 0.2861E+00 0.0000E+00
    0.0000E+00 0.1064E+00 0.2094E+00 0.3036E+00 0.3813E+00 0.4318E+00 0.4405E+00 0.3885E+00 0.2517E+00 0.0000E+00
    0.0000E+00 0.6979E-01 0.1372E+00 0.1986E+00 0.2489E+00 0.2812E+00 0.2861E+00 0.2517E+00 0.1626E+00 0.0000E+00
    0.0000E+00 0.0000E+00 0.0000E+00 0.0000E+00 0.0000E+00 0.0000E+00 0.0000E+00 0.0000E+00 0.0000E+00 0.0000E+00

 MAXIMUM DIFFERENCE FROM THE STEADY STATE SOLUTION 

   -0.8071E-01


 TOUT   0.100000E+01

 HUSED 0.4190E-01 ORDER   2 NSTEP    149 NFE   290 NJE    17

 U VALUES

    0.0000E+00 0.0000E+00 0.0000E+00 0.0000E+00 0.0000E+00 0.0000E+00 0.0000E+00 0.0000E+00 0.0000E+00 0.0000E+00
    0.0000E+00 0.3623E-01 0.7088E-01 0.1019E+00 0.1265E+00 0.1415E+00 0.1423E+00 0.1237E+00 0.7904E-01 0.0000E+00
    0.0000E+00 0.7088E-01 0.1387E+00 0.1993E+00 0.2476E+00 0.2767E+00 0.2784E+00 0.2421E+00 0.1546E+00 0.0000E+00
    0.0000E+00 0.1019E+00 0.1993E+00 0.2865E+00 0.3558E+00 0.3977E+00 0.4001E+00 0.3479E+00 0.2222E+00 0.0000E+00
    0.0000E+00 0.1265E+00 0.2476E+00 0.3558E+00 0.4419E+00 0.4940E+00 0.4970E+00 0.4321E+00 0.2760E+00 0.0000E+00
    0.0000E+00 0.1415E+00 0.2767E+00 0.3977E+00 0.4940E+00 0.5522E+00 0.5555E+00 0.4829E+00 0.3085E+00 0.0000E+00
    0.0000E+00 0.1423E+00 0.2784E+00 0.4001E+00 0.4970E+00 0.5555E+00 0.5588E+00 0.4858E+00 0.3103E+00 0.0000E+00
    0.0000E+00 0.1237E+00 0.2421E+00 0.3479E+00 0.4321E+00 0.4829E+00 0.4858E+00 0.4223E+00 0.2697E+00 0.0000E+00
    0.0000E+00 0.7904E-01 0.1546E+00 0.2222E+00 0.2760E+00 0.3085E+00 0.3103E+00 0.2697E+00 0.1723E+00 0.0000E+00
    0.0000E+00 0.0000E+00 0.0000E+00 0.0000E+00 0.0000E+00 0.0000E+00 0.0000E+00 0.0000E+00 0.0000E+00 0.0000E+00

 MAXIMUM DIFFERENCE FROM THE STEADY STATE SOLUTION 

   -0.3424E-02


 TOUT   0.100000E+02

 HUSED 0.2424E+01 ORDER   1 NSTEP    162 NFE   323 NJE    21

 U VALUES

    0.0000E+00 0.0000E+00 0.0000E+00 0.0000E+00 0.0000E+00 0.0000E+00 0.0000E+00 0.0000E+00 0.0000E+00 0.0000E+00
    0.0000E+00 0.3623E-01 0.7088E-01 0.1019E+00 0.1265E+00 0.1415E+00 0.1423E+00 0.1237E+00 0.7904E-01 0.0000E+00
    0.0000E+00 0.7088E-01 0.1387E+00 0.1993E+00 0.2476E+00 0.2767E+00 0.2784E+00 0.2421E+00 0.1546E+00 0.0000E+00
    0.0000E+00 0.1019E+00 0.1993E+00 0.2865E+00 0.3558E+00 0.3977E+00 0.4001E+00 0.3479E+00 0.2222E+00 0.0000E+00
    0.0000E+00 0.1265E+00 0.2476E+00 0.3558E+00 0.4419E+00 0.4940E+00 0.4970E+00 0.4321E+00 0.2760E+00 0.0000E+00
    0.0000E+00 0.1415E+00 0.2767E+00 0.3977E+00 0.4940E+00 0.5522E+00 0.5555E+00 0.4829E+00 0.3085E+00 0.0000E+00
    0.0000E+00 0.1423E+00 0.2784E+00 0.4001E+00 0.4970E+00 0.5555E+00 0.5588E+00 0.4858E+00 0.3103E+00 0.0000E+00
    0.0000E+00 0.1237E+00 0.2421E+00 0.3479E+00 0.4321E+00 0.4829E+00 0.4858E+00 0.4223E+00 0.2697E+00 0.0000E+00
    0.0000E+00 0.7904E-01 0.1546E+00 0.2222E+00 0.2760E+00 0.3085E+00 0.3103E+00 0.2697E+00 0.1723E+00 0.0000E+00
    0.0000E+00 0.0000E+00 0.0000E+00 0.0000E+00 0.0000E+00 0.0000E+00 0.0000E+00 0.0000E+00 0.0000E+00 0.0000E+00

 MAXIMUM DIFFERENCE FROM THE STEADY STATE SOLUTION 

   -0.3424E-02
 
TOMS565_PRB1
  Normal end of execution.
