13 January   2008  12:20:52.430 PM      
 
ASA266_PRB:
  FORTRAN77 version
 
  Test routines in the ASA266 library.
 
TEST08
  For samples of a Dirichlet PDF,
  DIRICH estimates the parameters.
  DIRICHLET_MEAN finds the means;
  DIRICHLET_VARIANCE finds the variances;
 
  Sampled data:
 
       1  0.178000      0.346000      0.476000    
       2  0.162000      0.307000      0.531000    
       3  0.830000E-01  0.448000      0.469000    
       4  0.870000E-01  0.474000      0.439000    
       5  0.780000E-01  0.503000      0.419000    
       6  0.400000E-01  0.456000      0.504000    
       7  0.490000E-01  0.363000      0.588000    
       8  0.100000      0.317000      0.583000    
       9  0.750000E-01  0.394000      0.531000    
      10  0.840000E-01  0.445000      0.471000    
      11  0.600000E-01  0.435000      0.505000    
      12  0.890000E-01  0.418000      0.493000    
      13  0.500000E-01  0.485000      0.465000    
      14  0.730000E-01  0.378000      0.549000    
      15  0.640000E-01  0.562000      0.374000    
      16  0.850000E-01  0.465000      0.450000    
      17  0.940000E-01  0.388000      0.518000    
      18  0.140000E-01  0.449000      0.537000    
      19  0.600000E-01  0.544000      0.396000    
      20  0.310000E-01  0.569000      0.400000    
      21  0.250000E-01  0.491000      0.484000    
      22  0.450000E-01  0.613000      0.342000    
      23  0.195000E-01  0.526000      0.454500    
 
  Observed means, variances are:
 
     1  0.715435E-01  0.157825E-02
     2  0.451130      0.656248E-02
     3  0.477326      0.405826E-02
 
  Index, Estimate, Lower Limit, Upper Limit:
 
       1   3.21543       1.89027       4.54058    
       2   20.3825       11.9282       28.8368    
       3   21.6852       12.6925       30.6780    
 
Expected means, variances are:
 
       1  0.710071E-01  0.142525E-02
       2  0.450112      0.534776E-02
       3  0.478881      0.539190E-02
 
  Alpha sum is    45.2832    
 
  NORMALIZED VALUES:
  Index, Estimate, Lower Limit, Upper Limit:
 
       1  0.710071E-01  0.417434E-01  0.100271    
       2  0.450112      0.263413      0.636811    
       3  0.478881      0.280291      0.677471    
 
Log likelikhood function =    73.1250    
 
ASA266_PRB:
  Normal end of execution.
 
13 January   2008  12:20:52.433 PM      
