21 June      2012  10:42:33.466 AM      
 
TOMS581_PRB
  FORTRAN77 version
  Test the TOMS581 library.

 A .

  0.5000000E+00  0.3333333E+00  0.2500000E+00  0.2000000E+00
  0.3333333E+00  0.2500000E+00  0.2000000E+00  0.1666667E+00
  0.2500000E+00  0.2000000E+00  0.1666667E+00  0.1428571E+00
  0.2000000E+00  0.1666667E+00  0.1428571E+00  0.1250000E+00
  0.1666667E+00  0.1428571E+00  0.1250000E+00  0.1111111E+00
  0.1428571E+00  0.1250000E+00  0.1111111E+00  0.1000000E+00
  0.1250000E+00  0.1111111E+00  0.1000000E+00  0.9090909E-01
  0.1111111E+00  0.1000000E+00  0.9090909E-01  0.8333334E-01


 ******************* HYBSVD *****************


 MATU =  F MATV =  F

 IERR =    0

 SINGULAR VALUES.

 0.10815881E+01
 0.89298405E-01
 0.39200052E-02
 0.90911664E-04

 B .

  0.2586415E+01  0.9194422E+01
  0.1089514E+01  0.9466252E+01
  0.3396375E+00  0.5082762E+01
  0.8778705E-01  0.1923626E+01


 ******************* EISPAK *****************


 MATU =  F MATV =  F

 IERR =    0

 SINGULAR VALUES.

 0.10815881E+01
 0.89298420E-01
 0.39200070E-02
 0.90913418E-04

 B .

 -0.2586415E+01 -0.9194422E+01
 -0.1089514E+01 -0.9466252E+01
 -0.3396372E+00 -0.5082757E+01
 -0.8778729E-01 -0.1923628E+01


 ******************* SSVDC  *****************


 MATU =  F MATV =  F

 IERR =    0

 SINGULAR VALUES.

 0.10815880E+01
 0.89298397E-01
 0.39200149E-02
 0.90915491E-04

 B .

  0.0000000E+00  0.3396375E+00
  0.0000000E+00  0.8778705E-01
  0.0000000E+00 -0.3538366E-02
  0.0000000E+00 -0.3345128E-02

  2-NORM ( HYBSVD W - EISPAK W ) =   1.5119154E-08
  2-NORM ( HYBSVD W - LINPAK W ) =   1.1990262E-07
  2-NORM ( EISPAK W - LINPAK W ) =   1.2156242E-07


  2-NORM ( HYBSVD B - MINFIT B ) =   4.9500627E-06


 A .

  0.5000000E+00  0.3333333E+00  0.2500000E+00  0.2000000E+00
  0.3333333E+00  0.2500000E+00  0.2000000E+00  0.1666667E+00
  0.2500000E+00  0.2000000E+00  0.1666667E+00  0.1428571E+00
  0.2000000E+00  0.1666667E+00  0.1428571E+00  0.1250000E+00
  0.1666667E+00  0.1428571E+00  0.1250000E+00  0.1111111E+00
  0.1428571E+00  0.1250000E+00  0.1111111E+00  0.1000000E+00
  0.1250000E+00  0.1111111E+00  0.1000000E+00  0.9090909E-01
  0.1111111E+00  0.1000000E+00  0.9090909E-01  0.8333334E-01


 ******************* HYBSVD *****************


 MATU =  F MATV =  T

 IERR =    0

 SINGULAR VALUES.

 0.10815881E+01
 0.89298405E-01
 0.39200052E-02
 0.90911664E-04

 V .

  0.6770040E+00 -0.6711569E+00  0.2945614E+00 -0.6669134E-01
  0.5060582E+00  0.1467003E+00 -0.7304597E+00  0.4345264E+00
  0.4086106E+00  0.4483108E+00 -0.9632753E-01 -0.7891615E+00
  0.3443957E+00  0.5718787E+00  0.6085913E+00  0.4289092E+00

 B .

  0.2586415E+01  0.9194422E+01
  0.1089514E+01  0.9466252E+01
  0.3396375E+00  0.5082762E+01
  0.8778705E-01  0.1923626E+01


 ******************* EISPAK *****************


 MATU =  F MATV =  T

 IERR =    0

 SINGULAR VALUES.

 0.10815881E+01
 0.89298420E-01
 0.39200070E-02
 0.90913418E-04

 V .

 -0.6770040E+00  0.6711569E+00 -0.2945620E+00  0.6668910E-01
 -0.5060582E+00 -0.1467002E+00  0.7304631E+00 -0.4345207E+00
 -0.4086106E+00 -0.4483107E+00  0.9632170E-01  0.7891623E+00
 -0.3443957E+00 -0.5718787E+00 -0.6085880E+00 -0.4289140E+00

 B .

 -0.2586415E+01 -0.9194422E+01
 -0.1089514E+01 -0.9466252E+01
 -0.3396372E+00 -0.5082757E+01
 -0.8778729E-01 -0.1923628E+01


 ******************* SSVDC  *****************


 MATU =  F MATV =  T

 IERR =    0

 SINGULAR VALUES.

 0.10815880E+01
 0.89298397E-01
 0.39200149E-02
 0.90915491E-04

 V .

 -0.6770039E+00  0.6711569E+00  0.2945622E+00 -0.6668764E-01
 -0.5060580E+00 -0.1467004E+00 -0.7304646E+00  0.4345177E+00
 -0.4086105E+00 -0.4483105E+00 -0.9631835E-01 -0.7891628E+00
 -0.3443957E+00 -0.5718787E+00  0.6085862E+00  0.4289163E+00

 B .

  0.0000000E+00  0.3396375E+00
  0.0000000E+00  0.8778705E-01
  0.0000000E+00 -0.3538366E-02
  0.0000000E+00 -0.3345128E-02

  2-NORM ( HYBSVD W - EISPAK W ) =   1.5119154E-08
  2-NORM ( HYBSVD W - LINPAK W ) =   1.1990262E-07
  2-NORM ( EISPAK W - LINPAK W ) =   1.2156242E-07


  2-NORM ( HYBSVD V - EISPAK V ) =   1.0819918E-05
  2-NORM ( HYBSVD V - LINPAK V ) =   1.6613003E-05
  2-NORM ( EISPAK V - LINPAK V ) =   5.8188652E-06


  2-NORM ( HYBSVD B - MINFIT B ) =   4.9500627E-06


 A .

  0.5000000E+00  0.3333333E+00  0.2500000E+00  0.2000000E+00
  0.3333333E+00  0.2500000E+00  0.2000000E+00  0.1666667E+00
  0.2500000E+00  0.2000000E+00  0.1666667E+00  0.1428571E+00
  0.2000000E+00  0.1666667E+00  0.1428571E+00  0.1250000E+00
  0.1666667E+00  0.1428571E+00  0.1250000E+00  0.1111111E+00
  0.1428571E+00  0.1250000E+00  0.1111111E+00  0.1000000E+00
  0.1250000E+00  0.1111111E+00  0.1000000E+00  0.9090909E-01
  0.1111111E+00  0.1000000E+00  0.9090909E-01  0.8333334E-01


 ******************* HYBSVD *****************


 MATU =  T MATV =  F

 IERR =    0

 SINGULAR VALUES.

 0.10815881E+01
 0.89298405E-01
 0.39200052E-02
 0.90911664E-04

 U .

  0.6270594E+00 -0.6744236E+00  0.3649251E+00 -0.1322969E+00
  0.4542431E+00 -0.2316532E-01 -0.5768844E+00  0.5905247E+00
  0.3585134E+00  0.2011933E+00 -0.3991208E+00 -0.2393235E+00
  0.2969395E+00  0.2883354E+00 -0.1321855E+00 -0.4501676E+00
  0.2537662E+00  0.3211548E+00  0.8226864E-01 -0.3149660E+00
  0.2217229E+00  0.3298844E+00  0.2369423E+00 -0.5750363E-01
  0.1969548E+00  0.3272786E+00  0.3448246E+00  0.2187930E+00
  0.1772158E+00  0.3192568E+00  0.4188674E+00  0.4727271E+00

 B .

  0.2586415E+01  0.9194422E+01
  0.1089514E+01  0.9466252E+01
  0.3396375E+00  0.5082762E+01
  0.8778705E-01  0.1923626E+01


 ******************* EISPAK *****************


 MATU =  T MATV =  F

 IERR =    0

 SINGULAR VALUES.

 0.10815881E+01
 0.89298420E-01
 0.39200070E-02
 0.90913418E-04

 U .

 -0.6270593E+00  0.6744236E+00 -0.3649253E+00  0.1322971E+00
 -0.4542431E+00  0.2316535E-01  0.5768849E+00 -0.5905318E+00
 -0.3585133E+00 -0.2011933E+00  0.3991202E+00  0.2393496E+00
 -0.2969395E+00 -0.2883354E+00  0.1321860E+00  0.4501356E+00
 -0.2537662E+00 -0.3211547E+00 -0.8226985E-01  0.3149800E+00
 -0.2217229E+00 -0.3298843E+00 -0.2369424E+00  0.5750080E-01
 -0.1969548E+00 -0.3272787E+00 -0.3448241E+00 -0.2187913E+00
 -0.1772158E+00 -0.3192568E+00 -0.4188669E+00 -0.4727271E+00

 B .

 -0.2586415E+01 -0.9194422E+01
 -0.1089514E+01 -0.9466252E+01
 -0.3396372E+00 -0.5082757E+01
 -0.8778729E-01 -0.1923628E+01


 ******************* SSVDC  *****************


 MATU =  T MATV =  F

 IERR =    0

 SINGULAR VALUES.

 0.10815880E+01
 0.89298397E-01
 0.39200149E-02
 0.90915491E-04

 U .

 -0.6270592E+00  0.6744236E+00  0.3649252E+00 -0.1322957E+00
 -0.4542431E+00  0.2316550E-01 -0.5768851E+00  0.5905148E+00
 -0.3585134E+00 -0.2011933E+00 -0.3991196E+00 -0.2393105E+00
 -0.2969395E+00 -0.2883354E+00 -0.1321857E+00 -0.4501393E+00
 -0.2537662E+00 -0.3211548E+00  0.8226926E-01 -0.3150236E+00
 -0.2217229E+00 -0.3298844E+00  0.2369403E+00 -0.5749191E-01
 -0.1969548E+00 -0.3272787E+00  0.3448249E+00  0.2188019E+00
 -0.1772159E+00 -0.3192568E+00  0.4188681E+00  0.4727321E+00

 B .

  0.0000000E+00  0.3396375E+00
  0.0000000E+00  0.8778705E-01
  0.0000000E+00 -0.3538366E-02
  0.0000000E+00 -0.3345128E-02

  2-NORM ( HYBSVD W - EISPAK W ) =   1.5119154E-08
  2-NORM ( HYBSVD W - LINPAK W ) =   1.1990262E-07
  2-NORM ( EISPAK W - LINPAK W ) =   1.2156242E-07


  2-NORM ( HYBSVD U - EISPAK U ) =   4.4313841E-05
  2-NORM ( HYBSVD U - LINPAK U ) =   6.8064277E-05
  2-NORM ( EISPAK U - LINPAK U ) =   6.2928382E-05


  2-NORM ( HYBSVD B - MINFIT B ) =   4.9500627E-06


 A .

  0.5000000E+00  0.3333333E+00  0.2500000E+00  0.2000000E+00
  0.3333333E+00  0.2500000E+00  0.2000000E+00  0.1666667E+00
  0.2500000E+00  0.2000000E+00  0.1666667E+00  0.1428571E+00
  0.2000000E+00  0.1666667E+00  0.1428571E+00  0.1250000E+00
  0.1666667E+00  0.1428571E+00  0.1250000E+00  0.1111111E+00
  0.1428571E+00  0.1250000E+00  0.1111111E+00  0.1000000E+00
  0.1250000E+00  0.1111111E+00  0.1000000E+00  0.9090909E-01
  0.1111111E+00  0.1000000E+00  0.9090909E-01  0.8333334E-01


 ******************* HYBSVD *****************


 MATU =  T MATV =  T

 IERR =    0

 SINGULAR VALUES.

 0.10815881E+01
 0.89298405E-01
 0.39200052E-02
 0.90911664E-04

 U .

  0.6270594E+00 -0.6744236E+00  0.3649251E+00 -0.1322969E+00
  0.4542431E+00 -0.2316532E-01 -0.5768844E+00  0.5905247E+00
  0.3585134E+00  0.2011933E+00 -0.3991208E+00 -0.2393235E+00
  0.2969395E+00  0.2883354E+00 -0.1321855E+00 -0.4501676E+00
  0.2537662E+00  0.3211548E+00  0.8226864E-01 -0.3149660E+00
  0.2217229E+00  0.3298844E+00  0.2369423E+00 -0.5750363E-01
  0.1969548E+00  0.3272786E+00  0.3448246E+00  0.2187930E+00
  0.1772158E+00  0.3192568E+00  0.4188674E+00  0.4727271E+00

 V .

  0.6770040E+00 -0.6711569E+00  0.2945614E+00 -0.6669134E-01
  0.5060582E+00  0.1467003E+00 -0.7304597E+00  0.4345264E+00
  0.4086106E+00  0.4483108E+00 -0.9632753E-01 -0.7891615E+00
  0.3443957E+00  0.5718787E+00  0.6085913E+00  0.4289092E+00

 B .

  0.2586415E+01  0.9194422E+01
  0.1089514E+01  0.9466252E+01
  0.3396375E+00  0.5082762E+01
  0.8778705E-01  0.1923626E+01


 ******************* EISPAK *****************


 MATU =  T MATV =  T

 IERR =    0

 SINGULAR VALUES.

 0.10815881E+01
 0.89298420E-01
 0.39200070E-02
 0.90913418E-04

 U .

 -0.6270593E+00  0.6744236E+00 -0.3649253E+00  0.1322971E+00
 -0.4542431E+00  0.2316535E-01  0.5768849E+00 -0.5905318E+00
 -0.3585133E+00 -0.2011933E+00  0.3991202E+00  0.2393496E+00
 -0.2969395E+00 -0.2883354E+00  0.1321860E+00  0.4501356E+00
 -0.2537662E+00 -0.3211547E+00 -0.8226985E-01  0.3149800E+00
 -0.2217229E+00 -0.3298843E+00 -0.2369424E+00  0.5750080E-01
 -0.1969548E+00 -0.3272787E+00 -0.3448241E+00 -0.2187913E+00
 -0.1772158E+00 -0.3192568E+00 -0.4188669E+00 -0.4727271E+00

 V .

 -0.6770040E+00  0.6711569E+00 -0.2945620E+00  0.6668910E-01
 -0.5060582E+00 -0.1467002E+00  0.7304631E+00 -0.4345207E+00
 -0.4086106E+00 -0.4483107E+00  0.9632170E-01  0.7891623E+00
 -0.3443957E+00 -0.5718787E+00 -0.6085880E+00 -0.4289140E+00

 B .

 -0.2586415E+01 -0.9194422E+01
 -0.1089514E+01 -0.9466252E+01
 -0.3396372E+00 -0.5082757E+01
 -0.8778729E-01 -0.1923628E+01


 ******************* SSVDC  *****************


 MATU =  T MATV =  T

 IERR =    0

 SINGULAR VALUES.

 0.10815880E+01
 0.89298397E-01
 0.39200149E-02
 0.90915491E-04

 U .

 -0.6270592E+00  0.6744236E+00  0.3649252E+00 -0.1322957E+00
 -0.4542431E+00  0.2316550E-01 -0.5768851E+00  0.5905148E+00
 -0.3585134E+00 -0.2011933E+00 -0.3991196E+00 -0.2393105E+00
 -0.2969395E+00 -0.2883354E+00 -0.1321857E+00 -0.4501393E+00
 -0.2537662E+00 -0.3211548E+00  0.8226926E-01 -0.3150236E+00
 -0.2217229E+00 -0.3298844E+00  0.2369403E+00 -0.5749191E-01
 -0.1969548E+00 -0.3272787E+00  0.3448249E+00  0.2188019E+00
 -0.1772159E+00 -0.3192568E+00  0.4188681E+00  0.4727321E+00

 V .

 -0.6770039E+00  0.6711569E+00  0.2945622E+00 -0.6668764E-01
 -0.5060580E+00 -0.1467004E+00 -0.7304646E+00  0.4345177E+00
 -0.4086105E+00 -0.4483105E+00 -0.9631835E-01 -0.7891628E+00
 -0.3443957E+00 -0.5718787E+00  0.6085862E+00  0.4289163E+00

 B .

  0.0000000E+00  0.3396375E+00
  0.0000000E+00  0.8778705E-01
  0.0000000E+00 -0.3538366E-02
  0.0000000E+00 -0.3345128E-02

  2-NORM ( HYBSVD W - EISPAK W ) =   1.5119154E-08
  2-NORM ( HYBSVD W - LINPAK W ) =   1.1990262E-07
  2-NORM ( EISPAK W - LINPAK W ) =   1.2156242E-07


  2-NORM ( HYBSVD U - EISPAK U ) =   4.4313841E-05
  2-NORM ( HYBSVD U - LINPAK U ) =   6.8064277E-05
  2-NORM ( EISPAK U - LINPAK U ) =   6.2928382E-05


  2-NORM ( HYBSVD V - EISPAK V ) =   1.0819918E-05
  2-NORM ( HYBSVD V - LINPAK V ) =   1.6613003E-05
  2-NORM ( EISPAK V - LINPAK V ) =   5.8188652E-06


  2-NORM ( HYBSVD B - MINFIT B ) =   4.9500627E-06


 A .

  0.5000000E+00  0.3333333E+00  0.2500000E+00  0.2000000E+00  0.1666667E+00
  0.1428571E+00  0.1250000E+00  0.1111111E+00
  0.3333333E+00  0.2500000E+00  0.2000000E+00  0.1666667E+00  0.1428571E+00
  0.1250000E+00  0.1111111E+00  0.1000000E+00
  0.2500000E+00  0.2000000E+00  0.1666667E+00  0.1428571E+00  0.1250000E+00
  0.1111111E+00  0.1000000E+00  0.9090909E-01
  0.2000000E+00  0.1666667E+00  0.1428571E+00  0.1250000E+00  0.1111111E+00
  0.1000000E+00  0.9090909E-01  0.8333334E-01


 ******************* HYBSVD *****************


 MATU =  F MATV =  F

 IERR =    0

 SINGULAR VALUES.

 0.10815881E+01
 0.89298405E-01
 0.39200052E-02
 0.90911664E-04


 ******************* EISPAK *****************


 MATU =  F MATV =  F

 IERR =    0

 SINGULAR VALUES.

 0.10815879E+01
 0.89298397E-01
 0.39200257E-02
 0.90909016E-04


 ******************* SSVDC  *****************


 MATU =  F MATV =  F

 IERR =    0

 SINGULAR VALUES.

 0.10815879E+01
 0.89298368E-01
 0.39200187E-02
 0.90916583E-04

  2-NORM ( HYBSVD W - EISPAK W ) =   2.3942795E-07
  2-NORM ( HYBSVD W - LINPAK W ) =   2.4173900E-07
  2-NORM ( EISPAK W - LINPAK W ) =   3.1531364E-08


 A .

  0.5000000E+00  0.3333333E+00  0.2500000E+00  0.2000000E+00  0.1666667E+00
  0.1428571E+00  0.1250000E+00  0.1111111E+00
  0.3333333E+00  0.2500000E+00  0.2000000E+00  0.1666667E+00  0.1428571E+00
  0.1250000E+00  0.1111111E+00  0.1000000E+00
  0.2500000E+00  0.2000000E+00  0.1666667E+00  0.1428571E+00  0.1250000E+00
  0.1111111E+00  0.1000000E+00  0.9090909E-01
  0.2000000E+00  0.1666667E+00  0.1428571E+00  0.1250000E+00  0.1111111E+00
  0.1000000E+00  0.9090909E-01  0.8333334E-01


 ******************* HYBSVD *****************


 MATU =  F MATV =  T

 IERR =    0

 SINGULAR VALUES.

 0.10815881E+01
 0.89298405E-01
 0.39200052E-02
 0.90911664E-04

 V .

  0.6270594E+00 -0.6744236E+00  0.3649251E+00 -0.1322969E+00
  0.4542431E+00 -0.2316532E-01 -0.5768844E+00  0.5905247E+00
  0.3585134E+00  0.2011933E+00 -0.3991208E+00 -0.2393235E+00
  0.2969395E+00  0.2883354E+00 -0.1321855E+00 -0.4501676E+00
  0.2537662E+00  0.3211548E+00  0.8226864E-01 -0.3149660E+00
  0.2217229E+00  0.3298844E+00  0.2369423E+00 -0.5750363E-01
  0.1969548E+00  0.3272786E+00  0.3448246E+00  0.2187930E+00
  0.1772158E+00  0.3192568E+00  0.4188674E+00  0.4727271E+00


 ******************* EISPAK *****************


 MATU =  F MATV =  T

 IERR =    0

 SINGULAR VALUES.

 0.10815879E+01
 0.89298397E-01
 0.39200257E-02
 0.90909016E-04

 V .

 -0.6270592E+00  0.6744236E+00 -0.3649254E+00  0.1322958E+00
 -0.4542430E+00  0.2316565E-01  0.5768862E+00 -0.5905176E+00
 -0.3585133E+00 -0.2011936E+00  0.3991200E+00  0.2393030E+00
 -0.2969395E+00 -0.2883353E+00  0.1321829E+00  0.4501860E+00
 -0.2537662E+00 -0.3211549E+00 -0.8226828E-01  0.3149884E+00
 -0.2217230E+00 -0.3298844E+00 -0.2369409E+00  0.5748952E-01
 -0.1969548E+00 -0.3272786E+00 -0.3448238E+00 -0.2188377E+00
 -0.1772158E+00 -0.3192568E+00 -0.4188678E+00 -0.4726951E+00


 ******************* SSVDC  *****************


 MATU =  F MATV =  T

 IERR =    0

 SINGULAR VALUES.

 0.10815879E+01
 0.89298368E-01
 0.39200187E-02
 0.90916583E-04

 V .

 -0.6270592E+00  0.6744235E+00 -0.3649252E+00 -0.1322965E+00
 -0.4542432E+00  0.2316562E-01  0.5768842E+00  0.5905164E+00
 -0.3585134E+00 -0.2011935E+00  0.3991223E+00 -0.2392912E+00
 -0.2969395E+00 -0.2883354E+00  0.1321841E+00 -0.4501956E+00
 -0.2537663E+00 -0.3211547E+00 -0.8227008E-01 -0.3150083E+00
 -0.2217229E+00 -0.3298844E+00 -0.2369398E+00 -0.5745585E-01
 -0.1969548E+00 -0.3272785E+00 -0.3448243E+00  0.2188306E+00
 -0.1772159E+00 -0.3192566E+00 -0.4188683E+00  0.4726875E+00

  2-NORM ( HYBSVD W - EISPAK W ) =   2.3942795E-07
  2-NORM ( HYBSVD W - LINPAK W ) =   2.4173900E-07
  2-NORM ( EISPAK W - LINPAK W ) =   3.1531364E-08


  2-NORM ( HYBSVD V - EISPAK V ) =   6.7469897E-05
  2-NORM ( HYBSVD V - LINPAK V ) =   9.4661584E-05
  2-NORM ( EISPAK V - LINPAK V ) =   4.3416370E-05


 A .

  0.5000000E+00  0.3333333E+00  0.2500000E+00  0.2000000E+00  0.1666667E+00
  0.1428571E+00  0.1250000E+00  0.1111111E+00
  0.3333333E+00  0.2500000E+00  0.2000000E+00  0.1666667E+00  0.1428571E+00
  0.1250000E+00  0.1111111E+00  0.1000000E+00
  0.2500000E+00  0.2000000E+00  0.1666667E+00  0.1428571E+00  0.1250000E+00
  0.1111111E+00  0.1000000E+00  0.9090909E-01
  0.2000000E+00  0.1666667E+00  0.1428571E+00  0.1250000E+00  0.1111111E+00
  0.1000000E+00  0.9090909E-01  0.8333334E-01


 ******************* HYBSVD *****************


 MATU =  T MATV =  F

 IERR =    0

 SINGULAR VALUES.

 0.10815881E+01
 0.89298405E-01
 0.39200052E-02
 0.90911664E-04

 U .

  0.6770040E+00 -0.6711569E+00  0.2945614E+00 -0.6669134E-01
  0.5060582E+00  0.1467003E+00 -0.7304597E+00  0.4345264E+00
  0.4086106E+00  0.4483108E+00 -0.9632753E-01 -0.7891615E+00
  0.3443957E+00  0.5718787E+00  0.6085913E+00  0.4289092E+00


 ******************* EISPAK *****************


 MATU =  T MATV =  F

 IERR =    0

 SINGULAR VALUES.

 0.10815879E+01
 0.89298397E-01
 0.39200257E-02
 0.90909016E-04

 U .

 -0.6770039E+00  0.6711569E+00 -0.2945622E+00  0.6668802E-01
 -0.5060580E+00 -0.1467005E+00  0.7304643E+00 -0.4345185E+00
 -0.4086106E+00 -0.4483103E+00  0.9631927E-01  0.7891628E+00
 -0.3443956E+00 -0.5718786E+00 -0.6085868E+00 -0.4289156E+00


 ******************* SSVDC  *****************


 MATU =  T MATV =  F

 IERR =    0

 SINGULAR VALUES.

 0.10815879E+01
 0.89298368E-01
 0.39200187E-02
 0.90916583E-04

 U .

 -0.6770040E+00  0.6711569E+00 -0.2945624E+00 -0.6668714E-01
 -0.5060580E+00 -0.1467004E+00  0.7304653E+00  0.4345165E+00
 -0.4086106E+00 -0.4483103E+00  0.9631724E-01 -0.7891630E+00
 -0.3443957E+00 -0.5718789E+00 -0.6085857E+00  0.4289173E+00

  2-NORM ( HYBSVD W - EISPAK W ) =   2.3942795E-07
  2-NORM ( HYBSVD W - LINPAK W ) =   2.4173900E-07
  2-NORM ( EISPAK W - LINPAK W ) =   3.1531364E-08


  2-NORM ( HYBSVD U - EISPAK U ) =   1.4969863E-05
  2-NORM ( HYBSVD U - LINPAK U ) =   1.8764376E-05
  2-NORM ( EISPAK U - LINPAK U ) =   3.8119679E-06


 A .

  0.5000000E+00  0.3333333E+00  0.2500000E+00  0.2000000E+00  0.1666667E+00
  0.1428571E+00  0.1250000E+00  0.1111111E+00
  0.3333333E+00  0.2500000E+00  0.2000000E+00  0.1666667E+00  0.1428571E+00
  0.1250000E+00  0.1111111E+00  0.1000000E+00
  0.2500000E+00  0.2000000E+00  0.1666667E+00  0.1428571E+00  0.1250000E+00
  0.1111111E+00  0.1000000E+00  0.9090909E-01
  0.2000000E+00  0.1666667E+00  0.1428571E+00  0.1250000E+00  0.1111111E+00
  0.1000000E+00  0.9090909E-01  0.8333334E-01


 ******************* HYBSVD *****************


 MATU =  T MATV =  T

 IERR =    0

 SINGULAR VALUES.

 0.10815881E+01
 0.89298405E-01
 0.39200052E-02
 0.90911664E-04

 U .

  0.6770040E+00 -0.6711569E+00  0.2945614E+00 -0.6669134E-01
  0.5060582E+00  0.1467003E+00 -0.7304597E+00  0.4345264E+00
  0.4086106E+00  0.4483108E+00 -0.9632753E-01 -0.7891615E+00
  0.3443957E+00  0.5718787E+00  0.6085913E+00  0.4289092E+00

 V .

  0.6270594E+00 -0.6744236E+00  0.3649251E+00 -0.1322969E+00
  0.4542431E+00 -0.2316532E-01 -0.5768844E+00  0.5905247E+00
  0.3585134E+00  0.2011933E+00 -0.3991208E+00 -0.2393235E+00
  0.2969395E+00  0.2883354E+00 -0.1321855E+00 -0.4501676E+00
  0.2537662E+00  0.3211548E+00  0.8226864E-01 -0.3149660E+00
  0.2217229E+00  0.3298844E+00  0.2369423E+00 -0.5750363E-01
  0.1969548E+00  0.3272786E+00  0.3448246E+00  0.2187930E+00
  0.1772158E+00  0.3192568E+00  0.4188674E+00  0.4727271E+00


 ******************* EISPAK *****************


 MATU =  T MATV =  T

 IERR =    0

 SINGULAR VALUES.

 0.10815879E+01
 0.89298397E-01
 0.39200257E-02
 0.90909016E-04

 U .

 -0.6770039E+00  0.6711569E+00 -0.2945622E+00  0.6668802E-01
 -0.5060580E+00 -0.1467005E+00  0.7304643E+00 -0.4345185E+00
 -0.4086106E+00 -0.4483103E+00  0.9631927E-01  0.7891628E+00
 -0.3443956E+00 -0.5718786E+00 -0.6085868E+00 -0.4289156E+00

 V .

 -0.6270592E+00  0.6744236E+00 -0.3649254E+00  0.1322958E+00
 -0.4542430E+00  0.2316565E-01  0.5768862E+00 -0.5905176E+00
 -0.3585133E+00 -0.2011936E+00  0.3991200E+00  0.2393030E+00
 -0.2969395E+00 -0.2883353E+00  0.1321829E+00  0.4501860E+00
 -0.2537662E+00 -0.3211549E+00 -0.8226828E-01  0.3149884E+00
 -0.2217230E+00 -0.3298844E+00 -0.2369409E+00  0.5748952E-01
 -0.1969548E+00 -0.3272786E+00 -0.3448238E+00 -0.2188377E+00
 -0.1772158E+00 -0.3192568E+00 -0.4188678E+00 -0.4726951E+00


 ******************* SSVDC  *****************


 MATU =  T MATV =  T

 IERR =    0

 SINGULAR VALUES.

 0.10815879E+01
 0.89298368E-01
 0.39200187E-02
 0.90916583E-04

 U .

 -0.6770040E+00  0.6711569E+00 -0.2945624E+00 -0.6668714E-01
 -0.5060580E+00 -0.1467004E+00  0.7304653E+00  0.4345165E+00
 -0.4086106E+00 -0.4483103E+00  0.9631724E-01 -0.7891630E+00
 -0.3443957E+00 -0.5718789E+00 -0.6085857E+00  0.4289173E+00

 V .

 -0.6270592E+00  0.6744235E+00 -0.3649252E+00 -0.1322965E+00
 -0.4542432E+00  0.2316562E-01  0.5768842E+00  0.5905164E+00
 -0.3585134E+00 -0.2011935E+00  0.3991223E+00 -0.2392912E+00
 -0.2969395E+00 -0.2883354E+00  0.1321841E+00 -0.4501956E+00
 -0.2537663E+00 -0.3211547E+00 -0.8227008E-01 -0.3150083E+00
 -0.2217229E+00 -0.3298844E+00 -0.2369398E+00 -0.5745585E-01
 -0.1969548E+00 -0.3272785E+00 -0.3448243E+00  0.2188306E+00
 -0.1772159E+00 -0.3192566E+00 -0.4188683E+00  0.4726875E+00

  2-NORM ( HYBSVD W - EISPAK W ) =   2.3942795E-07
  2-NORM ( HYBSVD W - LINPAK W ) =   2.4173900E-07
  2-NORM ( EISPAK W - LINPAK W ) =   3.1531364E-08


  2-NORM ( HYBSVD U - EISPAK U ) =   1.4969863E-05
  2-NORM ( HYBSVD U - LINPAK U ) =   1.8764376E-05
  2-NORM ( EISPAK U - LINPAK U ) =   3.8119679E-06


  2-NORM ( HYBSVD V - EISPAK V ) =   6.7469897E-05
  2-NORM ( HYBSVD V - LINPAK V ) =   9.4661584E-05
  2-NORM ( EISPAK V - LINPAK V ) =   4.3416370E-05

 
TOMS581_PRB
  Normal end of execution.
 
21 June      2012  10:42:33.470 AM      
